55 20 18 13 8
55 60 10 18 7
55 86 17 14 5
55 126 13 16 4
55 158 15 19 5
55 192 14 11 1
55 231 10 19 1
55 256 17 17 1
55 291 14 18 8
55 322 13 13 3
55 352 17 14 3
55 380 10 14 0
55 423 12 11 9
55 456 15 19 3
55 482 11 17 8
80 20 10 11 0
80 63 13 17 4
80 101 13 18 7
80 126 12 16 2
80 155 19 15 9
80 182 16 12 8
80 226 19 18 0
80 261 17 18 4
80 291 10 10 5
80 318 13 18 8
80 361 10 18 9
80 402 12 18 3
80 433 15 19 6
80 476 16 11 3
120 20 12 16 0
120 52 18 10 7
120 82 16 16 7
120 115 15 14 8
120 156 10 15 8
120 184 14 18 0
120 223 18 18 6
120 263 15 15 3
120 302 15 19 5
120 337 14 11 5
120 379 11 13 3
120 422 15 11 8
120 453 10 16 3
120 496 16 15 4
148 20 16 13 1
148 53 13 15 7
148 93 19 19 8
148 121 16 19 8
148 160 19 10 6
148 188 10 19 7
148 228 15 17 1
148 258 17 10 0
148 293 12 11 9
148 336 13 15 8
148 364 10 18 7
148 389 11 13 0
148 414 11 18 0
148 446 14 18 4
148 477 11 14 5
180 20 17 10 8
180 48 10 16 2
180 88 11 15 3
180 130 19 17 8
180 156 16 16 8
180 186 15 14 4
180 229 13 13 2
180 270 14 11 1
180 296 18 15 3
180 330 18 13 1
180 368 19 19 8
180 404 18 14 4
180 437 18 14 8
180 466 17 13 9
223 20 17 10 1
223 49 15 13 2
223 90 15 17 3
223 132 12 18 6
223 160 12 13 5
223 194 19 19 6
223 220 11 13 6
223 256 18 15 2
223 285 16 18 2
223 310 10 18 9
223 350 18 18 7
223 385 16 19 3
223 429 10 16 6
223 455 14 19 3
223 482 19 16 4
265 20 17 18 0
265 51 16 15 7
265 79 11 19 3
265 111 19 15 3
265 143 14 16 2
265 187 14 13 1
265 219 12 10 0
265 251 17 12 1
265 285 16 18 5
265 321 12 15 2
265 356 16 18 4
265 392 13 12 1
265 420 16 12 2
265 452 19 10 8
265 493 11 11 2
297 20 19 13 0
297 52 11 18 8
297 81 12 11 2
297 117 10 14 9
297 146 19 19 1
297 173 19 17 8
297 209 10 11 6
297 239 13 19 0
297 283 15 13 6
297 326 12 12 3
297 358 14 13 7
297 394 18 16 8
297 438 11 15 4
297 475 18 16 5
332 20 16 14 3
332 47 13 10 5
332 72 19 18 1
332 99 16 16 3
332 131 18 16 4
332 158 12 11 9
332 202 18 12 5
332 233 15 16 3
332 258 14 11 5
332 297 16 13 3
332 328 10 12 3
332 358 10 19 9
332 398 10 11 2
332 434 10 10 3
332 468 10 13 0
360 20 13 19 3
360 54 19 15 3
360 97 11 16 0
360 123 13 15 2
360 160 12 14 2
360 194 11 18 6
360 228 16 18 1
360 262 14 14 5
360 288 13 12 4
360 316 15 10 5
360 345 14 17 7
360 381 14 10 7
360 410 12 18 5
360 443 14 17 7
360 471 16 10 6
401 20 13 19 3
401 48 10 10 9
401 76 16 11 5
401 114 16 17 3
401 154 15 16 2
401 183 13 12 3
401 210 11 18 2
401 243 17 12 6
401 285 11 18 2
401 326 18 10 6
401 367 10 14 7
401 407 19 17 1
401 449 17 11 5
401 474 11 12 4
440 20 15 15 6
440 55 15 10 7
440 96 12 13 5
440 138 16 11 4
440 170 12 14 9
440 213 10 12 4
440 241 10 19 0
440 274 16 13 5
440 303 12 11 2
440 342 15 14 2
440 378 17 10 2
440 422 11 16 3
440 464 19 19 5
440 496 12 12 6
